   1.6474000e+01
   1.7822199e+01
   1.5235236e+01
   1.6066104e+01
   1.7448712e+01
   1.7486745e+01
   1.7485274e+01
   1.4032156e+01
   1.6195122e+01
   1.5566990e+01
   1.5633817e+01
   1.6991529e+01
   1.6781533e+01
   1.8092808e+01
   1.5319829e+01
   1.5139863e+01
   1.7376657e+01
   1.4486564e+01
   1.4964947e+01
   1.7128520e+01
   1.6089244e+01
   1.7601839e+01
   1.6975605e+01
   1.7796646e+01
   1.6943529e+01
   1.7158868e+01
   1.7538363e+01
   1.7778100e+01
   1.7677336e+01
   1.6751915e+01
   1.6395446e+01
   1.6940956e+01
   1.7108219e+01
   1.6972217e+01
   1.7566859e+01
   1.6909454e+01
   1.7486680e+01
   1.7496390e+01
   1.3389422e+01
   1.5458711e+01
   1.7784577e+01
   1.5954527e+01
   1.7366959e+01
   1.7659253e+01
   1.7095222e+01
   1.6674770e+01
   1.5794803e+01
   1.7230706e+01
   1.8087061e+01
   1.4484984e+01
